Position
0, 0, 0
FocalPoint
0, 0, 1
ViewUp
0, -1, 0
ClippingRange
0.3, 2
CompProjTransMatrix
-0.0745193, 0.327173, -1.39294, 0.219538, -2.4152, -0.80696, -0.0602803, 0.115112, 0.713397, -2.12273, -0.524495, 0.777448, 0.310173, -0.922925, -0.228041, 0.59889
ProjTransMatrix
1.43277, 0, 0.00742226, 0, 0, 2.54714, -0.00937916, 0, 0, 0, -2.3, -0.6, 0, 0, -1, 0
ViewTransMatrix
-0.0504039, 0.223569, -0.973384, 0.156329, -0.949343, -0.313411, -0.0228261, 0.0429872, -0.310173, 0.922925, 0.228041, -0.59889, 0, 0, 0, 1
